terms     sum_up           sum_down         rel_diff      
      1   1.00000000e+00   1.00000000e+00   0.00000000e+00
      2   1.50000000e+00   1.50000000e+00   0.00000000e+00
      3   1.83333337e+00   1.83333337e+00   0.00000000e+00
      4   2.08333349e+00   2.08333325e+00   1.14440915e-07
      5   2.28333354e+00   2.28333330e+00   1.04416891e-07
      6   2.45000029e+00   2.45000005e+00   9.73137020e-08
      7   2.59285736e+00   2.59285712e+00   9.19520673e-08
      8   2.71785736e+00   2.71785712e+00   8.77229951e-08
      9   2.82896852e+00   2.82896829e+00   8.42775663e-08
     10   2.92896843e+00   2.92896843e+00   0.00000000e+00
     15   3.31822896e+00   3.31822920e+00   7.18511544e-08
     20   3.59773970e+00   3.59773970e+00   0.00000000e+00
     25   3.81595826e+00   3.81595826e+00   0.00000000e+00
     30   3.99498725e+00   3.99498725e+00   0.00000000e+00
     35   4.14678192e+00   4.14678144e+00   1.14989696e-07
     40   4.27854347e+00   4.27854347e+00   0.00000000e+00
     45   4.39494848e+00   4.39494848e+00   0.00000000e+00
     50   4.49920559e+00   4.49920559e+00   0.00000000e+00
     55   4.59361267e+00   4.59361267e+00   0.00000000e+00
     60   4.67987108e+00   4.67987061e+00   1.01891096e-07
     65   4.75927639e+00   4.75927591e+00   1.00191109e-07
     70   4.83283758e+00   4.83283710e+00   9.86660922e-08
     75   4.90135622e+00   4.90135574e+00   9.72867866e-08
     80   4.96547985e+00   4.96547937e+00   9.60304334e-08
     85   5.02573824e+00   5.02573776e+00   9.48790344e-08
     90   5.08257103e+00   5.08257008e+00   1.87636218e-07
     95   5.13634682e+00   5.13634586e+00   1.85671738e-07
    100   5.18737793e+00   5.18737698e+00   1.83845174e-07
    125   5.40952444e+00   5.40952396e+00   8.81477078e-08
    150   5.59118080e+00   5.59118080e+00   0.00000000e+00
    175   5.74485636e+00   5.74485636e+00   0.00000000e+00
    200   5.87803221e+00   5.87803125e+00   1.62243822e-07
    225   5.99553728e+00   5.99553728e+00   0.00000000e+00
    250   6.10067606e+00   6.10067558e+00   7.81613636e-08
    275   6.19580460e+00   6.19580412e+00   7.69612996e-08
    300   6.28266525e+00   6.28266430e+00   1.51794552e-07
    325   6.36258078e+00   6.36257839e+00   3.74720003e-07
    350   6.43657923e+00   6.43657684e+00   3.70412010e-07
    375   6.50547600e+00   6.50547409e+00   2.93191306e-07
    400   6.56993103e+00   6.56992960e+00   2.17736172e-07
    425   6.63048220e+00   6.63048029e+00   2.87663681e-07
    450   6.68757486e+00   6.68757391e+00   1.42603923e-07
    475   6.74158335e+00   6.74158239e+00   1.41461484e-07
    500   6.79282427e+00   6.79282284e+00   2.10591580e-07
    525   6.84156704e+00   6.84156561e+00   2.09091226e-07
    550   6.88804340e+00   6.88804293e+00   6.92267932e-08
    575   6.93245554e+00   6.93245459e+00   1.37566602e-07
    600   6.97497988e+00   6.97497797e+00   2.73455839e-07
    625   7.01576853e+00   7.01576662e+00   2.71865986e-07
    650   7.05495787e+00   7.05495644e+00   2.02766856e-07
    675   7.09266996e+00   7.09266853e+00   2.01688735e-07
    700   7.12901211e+00   7.12900972e+00   3.34434304e-07
    725   7.16407967e+00   7.16407633e+00   4.65916202e-07
    750   7.19795895e+00   7.19795513e+00   5.29969441e-07
    775   7.23072720e+00   7.23072338e+00   5.27567749e-07
    800   7.26245642e+00   7.26245260e+00   5.25262806e-07
    825   7.29320908e+00   7.29320526e+00   5.23047959e-07
    850   7.32304716e+00   7.32304096e+00   8.46489911e-07
    875   7.35201788e+00   7.35201120e+00   9.08012396e-07
    900   7.38017273e+00   7.38016605e+00   9.04548358e-07
    925   7.40755701e+00   7.40755033e+00   9.01204430e-07
    950   7.43421173e+00   7.43420410e+00   1.02625518e-06
    975   7.46017361e+00   7.46016645e+00   9.58766009e-07
   1000   7.48547840e+00   7.48547173e+00   8.91823163e-07
   1125   7.60320377e+00   7.60319901e+00   6.27153156e-07
   1250   7.70851898e+00   7.70851564e+00   4.33009347e-07
   1375   7.80379248e+00   7.80378914e+00   4.27722910e-07
   1500   7.89077091e+00   7.89076996e+00   1.20859468e-07
   1625   7.97078800e+00   7.97078705e+00   1.19646188e-07
   1750   8.04487514e+00   8.04487228e+00   3.55633034e-07
   1875   8.11384583e+00   8.11384583e+00   0.00000000e+00
   2000   8.17836857e+00   8.17836952e+00   1.16609350e-07
   2125   8.23898315e+00   8.23897934e+00   4.63005932e-07
   2250   8.29612732e+00   8.29612446e+00   3.44862542e-07
   2375   8.35018444e+00   8.35017967e+00   5.71050009e-07
   2500   8.40146637e+00   8.40146255e+00   4.54051474e-07
   2625   8.45024681e+00   8.45024300e+00   4.51430367e-07
   2750   8.49676037e+00   8.49675465e+00   6.73438763e-07
   2875   8.54120445e+00   8.54119873e+00   6.69934536e-07
   3000   8.58375645e+00   8.58375168e+00   5.55511235e-07
   3125   8.62457085e+00   8.62456608e+00   5.52882341e-07
   3250   8.66378593e+00   8.66378021e+00   6.60455839e-07
   3375   8.70152092e+00   8.70151520e+00   6.57591670e-07
   3500   8.73788357e+00   8.73787689e+00   7.63997662e-07
   3625   8.77296925e+00   8.77296448e+00   5.43530120e-07
   3750   8.80686569e+00   8.80686188e+00   4.33150490e-07
   3875   8.83965111e+00   8.83964634e+00   5.39430005e-07
   4000   8.87139416e+00   8.87139130e+00   3.22499858e-07
   4125   8.90216351e+00   8.90215874e+00   5.35642016e-07
   4250   8.93201256e+00   8.93200874e+00   4.27081574e-07
   4375   8.96099663e+00   8.96099281e+00   4.25700193e-07
   4500   8.98916340e+00   8.98916054e+00   3.18274715e-07
   4625   9.01656055e+00   9.01655579e+00   5.28846101e-07
   4750   9.04322529e+00   9.04322052e+00   5.27286772e-07
   4875   9.06919765e+00   9.06919289e+00   5.25776727e-07
   5000   9.09451389e+00   9.09450912e+00   5.24313123e-07
   5125   9.11920547e+00   9.11919975e+00   6.27472161e-07
   5250   9.14329910e+00   9.14329338e+00   6.25818700e-07
   5375   9.16682720e+00   9.16682148e+00   6.24212475e-07
   5500   9.18981647e+00   9.18980980e+00   7.26426094e-07
   5625   9.21228790e+00   9.21228027e+00   8.28176212e-07
   5750   9.23426437e+00   9.23425674e+00   8.26205223e-07
   5875   9.25577068e+00   9.25576115e+00   1.03035700e-06
   6000   9.27681923e+00   9.27681255e+00   7.19613297e-07
   6125   9.29743671e+00   9.29743004e+00   7.18017532e-07
   6250   9.31763935e+00   9.31763077e+00   9.21163860e-07
   6375   9.33744335e+00   9.33743095e+00   1.32774824e-06
   6500   9.35685730e+00   9.35684776e+00   1.01922558e-06
   6625   9.37590408e+00   9.37589455e+00   1.01715500e-06
   6750   9.39459610e+00   9.39458466e+00   1.21815765e-06
   6875   9.41294670e+00   9.41293335e+00   1.41841338e-06
   7000   9.43095970e+00   9.43095016e+00   1.01121714e-06
   7125   9.44865704e+00   9.44864845e+00   9.08390746e-07
   7250   9.46605015e+00   9.46603966e+00   1.10821543e-06
   7375   9.48314095e+00   9.48313236e+00   9.05087518e-07
   7500   9.49994755e+00   9.49993706e+00   1.10426117e-06
   7625   9.51648045e+00   9.51646519e+00   1.60340801e-06
   7750   9.53273582e+00   9.53272533e+00   1.10046301e-06
   7875   9.54873371e+00   9.54872513e+00   8.98870269e-07
   8000   9.56447983e+00   9.56447315e+00   6.97970279e-07
   8125   9.57998371e+00   9.57997608e+00   7.96389429e-07
   8250   9.59525108e+00   9.59524250e+00   8.94512596e-07
   8375   9.61028957e+00   9.61027908e+00   1.09158248e-06
   8500   9.62510681e+00   9.62509346e+00   1.38714825e-06
   8625   9.63970661e+00   9.63969135e+00   1.58291141e-06
   8750   9.65408897e+00   9.65407944e+00   9.87845397e-07
   8875   9.66827202e+00   9.66826344e+00   8.87756642e-07
   9000   9.68226624e+00   9.68225002e+00   1.67445069e-06
   9125   9.69604969e+00   9.69604206e+00   7.86856276e-07
   9250   9.70965862e+00   9.70964718e+00   1.17863033e-06
   9375   9.72307682e+00   9.72307014e+00   6.86585395e-07
   9500   9.73632622e+00   9.73631382e+00   1.27335238e-06
   9625   9.74939251e+00   9.74938583e+00   6.84732129e-07
   9750   9.76230431e+00   9.76228809e+00   1.66072232e-06
   9875   9.77503490e+00   9.77502728e+00   7.80498226e-07
  10000   9.78761292e+00   9.78760433e+00   8.76932177e-07
  10625   9.84823895e+00   9.84822845e+00   1.06520804e-06
  11250   9.90539169e+00   9.90538883e+00   2.88834968e-07
  11875   9.95945835e+00   9.95945263e+00   5.74533999e-07
  12500   1.00107450e+01   1.00107450e+01   0.00000000e+00
  13125   1.00595322e+01   1.00595341e+01   1.89606084e-07
  13750   1.01060543e+01   1.01060505e+01   3.77466591e-07
  14375   1.01504984e+01   1.01505013e+01   2.81860309e-07
  15000   1.01930571e+01   1.01930599e+01   2.80683452e-07
  15625   1.02338772e+01   1.02338800e+01   2.79563892e-07
  16250   1.02731218e+01   1.02730999e+01   2.13513795e-06
  16875   1.03108358e+01   1.03108387e+01   2.77477255e-07
  17500   1.03472004e+01   1.03472071e+01   6.45171440e-07
  18125   1.03822927e+01   1.03822975e+01   4.59279136e-07
  18750   1.04161901e+01   1.04161978e+01   7.32455135e-07
  19375   1.04489794e+01   1.04489861e+01   6.38887116e-07
  20000   1.04807568e+01   1.04807339e+01   2.18383161e-06
  20625   1.05114985e+01   1.05115042e+01   5.44360489e-07
  21250   1.05413685e+01   1.05413561e+01   1.17610659e-06
  21875   1.05703316e+01   1.05703402e+01   8.11995847e-07
  22500   1.05985365e+01   1.05985107e+01   2.42950887e-06
  23125   1.06259260e+01   1.06259098e+01   1.52574705e-06
  23750   1.06525698e+01   1.06525764e+01   6.26676808e-07
  24375   1.06785383e+01   1.06785507e+01   1.16099773e-06
  25000   1.07038555e+01   1.07038679e+01   1.15825173e-06
  25625   1.07285471e+01   1.07285595e+01   1.15558601e-06
  26250   1.07526417e+01   1.07526569e+01   1.41907253e-06
  26875   1.07761698e+01   1.07761889e+01   1.76996741e-06
  27500   1.07991629e+01   1.07991781e+01   1.41295936e-06
  28125   1.08216572e+01   1.08216505e+01   6.16885416e-07
  28750   1.08436899e+01   1.08436298e+01   5.54070130e-06
  29375   1.08651476e+01   1.08651352e+01   1.14105887e-06
  30000   1.08861637e+01   1.08861876e+01   2.19010417e-06
  30625   1.09068041e+01   1.09068069e+01   2.62315382e-07
  31250   1.09270697e+01   1.09270096e+01   5.49842252e-06
  31875   1.09467869e+01   1.09468136e+01   2.43933209e-06
  32500   1.09662304e+01   1.09662313e+01   8.69646399e-08
  33125   1.09853039e+01   1.09852800e+01   2.17034358e-06
  33750   1.10039368e+01   1.10039721e+01   3.20666095e-06
  34375   1.10224142e+01   1.10223198e+01   8.56565202e-06
  35000   1.10402994e+01   1.10403385e+01   3.54162285e-06
  35625   1.10581036e+01   1.10580359e+01   6.12320946e-06
  36250   1.10753889e+01   1.10754280e+01   3.53040218e-06
  36875   1.10925951e+01   1.10925226e+01   6.53404231e-06
  37500   1.11092844e+01   1.11093311e+01   4.20638662e-06
  38125   1.11259737e+01   1.11258602e+01   1.02002596e-05
  38750   1.11420717e+01   1.11421213e+01   4.45078376e-06
  39375   1.11581650e+01   1.11581211e+01   3.93156961e-06
  40000   1.11738462e+01   1.11738710e+01   2.21906612e-06
  40625   1.11893435e+01   1.11893749e+01   2.81260554e-06
  41250   1.12047167e+01   1.12046423e+01   6.63888659e-06
  41875   1.12196178e+01   1.12196798e+01   5.52502433e-06
  42500   1.12345190e+01   1.12344961e+01   2.03731088e-06
  43125   1.12491093e+01   1.12490950e+01   1.27166720e-06
  43750   1.12634144e+01   1.12634830e+01   6.09622793e-06
  44375   1.12777195e+01   1.12776680e+01   4.56639600e-06
  45000   1.12916622e+01   1.12916546e+01   6.75666456e-07
  45625   1.13053713e+01   1.13054485e+01   6.83280132e-06
  46250   1.13190804e+01   1.13190565e+01   2.10634448e-06
  46875   1.13325300e+01   1.13324795e+01   4.46015611e-06
  47500   1.13456430e+01   1.13457251e+01   7.22882714e-06
  48125   1.13587561e+01   1.13587952e+01   3.44232944e-06
  48750   1.13718691e+01   1.13716993e+01   1.49276511e-05
  49375   1.13844051e+01   1.13844376e+01   2.84818407e-06
  50000   1.13969221e+01   1.13970165e+01   8.28411066e-06
  50625   1.14094391e+01   1.14094400e+01   8.35864284e-08
  51250   1.14218607e+01   1.14217091e+01   1.32758778e-05
  51875   1.14337816e+01   1.14338312e+01   4.33723153e-06
  52500   1.14457026e+01   1.14458075e+01   9.16533463e-06
  53125   1.14576235e+01   1.14576426e+01   1.66469692e-06
  53750   1.14695444e+01   1.14693384e+01   1.79602175e-05
  54375   1.14808912e+01   1.14808989e+01   6.64529580e-07
  55000   1.14922161e+01   1.14923277e+01   9.70912424e-06
  55625   1.15035410e+01   1.15036259e+01   7.37831078e-06
  56250   1.15148659e+01   1.15147991e+01   5.79749667e-06
  56875   1.15260038e+01   1.15258474e+01   1.35696337e-05
  57500   1.15367327e+01   1.15367765e+01   3.80254414e-06
  58125   1.15474615e+01   1.15475874e+01   1.09014718e-05
  58750   1.15581903e+01   1.15582819e+01   7.92099490e-06
  59375   1.15689192e+01   1.15688639e+01   4.78119364e-06
  60000   1.15795698e+01   1.15793352e+01   2.02603605e-05
  60625   1.15897026e+01   1.15896978e+01   4.11431841e-07
  61250   1.15998354e+01   1.15999546e+01   1.02767563e-05
  61875   1.16099682e+01   1.16101065e+01   1.19106226e-05
  62500   1.16201010e+01   1.16201572e+01   4.84218253e-06
  63125   1.16302338e+01   1.16301069e+01   1.09060038e-05
  63750   1.16401758e+01   1.16399593e+01   1.85981789e-05
  64375   1.16497126e+01   1.16497145e+01   1.63724934e-07
  65000   1.16592493e+01   1.16593761e+01   1.08787444e-05
  65625   1.16687860e+01   1.16689472e+01   1.38120495e-05
  66250   1.16783228e+01   1.16784239e+01   8.65612674e-06
  66875   1.16878595e+01   1.16878128e+01   3.99817736e-06
  67500   1.16973963e+01   1.16971149e+01   2.40512763e-05
  68125   1.17064800e+01   1.17063313e+01   1.27086996e-05
  68750   1.17154207e+01   1.17154646e+01   3.74454635e-06
  69375   1.17243614e+01   1.17245140e+01   1.30145163e-05
  70000   1.17333021e+01   1.17334824e+01   1.53616656e-05
  70625   1.17422428e+01   1.17423716e+01   1.09642879e-05
  71250   1.17511835e+01   1.17511816e+01   1.62311210e-07
  71875   1.17601242e+01   1.17599163e+01   1.76786252e-05
  72500   1.17688885e+01   1.17685757e+01   2.65793442e-05
  73125   1.17772331e+01   1.17771578e+01   6.39713153e-06
  73750   1.17855778e+01   1.17856674e+01   7.60633429e-06
  74375   1.17939224e+01   1.17941074e+01   1.56870083e-05
  75000   1.18022671e+01   1.18024750e+01   1.76151898e-05
  75625   1.18106117e+01   1.18107748e+01   1.38076830e-05
  76250   1.18189564e+01   1.18190031e+01   3.95381358e-06
  76875   1.18273010e+01   1.18271675e+01   1.12887255e-05
  77500   1.18356457e+01   1.18352623e+01   3.23922577e-05
  78125   1.18435583e+01   1.18432970e+01   2.20634411e-05
  78750   1.18513069e+01   1.18512640e+01   3.62115520e-06
  79375   1.18590555e+01   1.18591671e+01   9.40879090e-06
  80000   1.18668041e+01   1.18670073e+01   1.71175743e-05
  80625   1.18745527e+01   1.18747911e+01   2.00779086e-05
  81250   1.18823013e+01   1.18825140e+01   1.78978353e-05
  81875   1.18900499e+01   1.18901777e+01   1.07477827e-05
  82500   1.18977985e+01   1.18977804e+01   1.52295615e-06
  83125   1.19055471e+01   1.19053268e+01   1.85040462e-05
  83750   1.19132957e+01   1.19128170e+01   4.01865400e-05
  84375   1.19205780e+01   1.19202518e+01   2.73611804e-05
  85000   1.19277306e+01   1.19276333e+01   8.15537987e-06
  85625   1.19348831e+01   1.19349575e+01   6.23268488e-06
  86250   1.19420357e+01   1.19422321e+01   1.64507383e-05
  86875   1.19491882e+01   1.19494524e+01   2.21073478e-05
  87500   1.19563408e+01   1.19566202e+01   2.33703031e-05
  88125   1.19634933e+01   1.19637365e+01   2.03272139e-05
  88750   1.19706459e+01   1.19708042e+01   1.32247578e-05
  89375   1.19777985e+01   1.19778223e+01   1.99050214e-06
  90000   1.19849510e+01   1.19847918e+01   1.32887208e-05
  90625   1.19921036e+01   1.19917116e+01   3.26853879e-05
  91250   1.19991894e+01   1.19985838e+01   5.04699492e-05
  91875   1.20057459e+01   1.20054092e+01   2.80408858e-05
  92500   1.20123024e+01   1.20121908e+01   9.28884492e-06
  93125   1.20188589e+01   1.20189228e+01   5.31631258e-06
  93750   1.20254154e+01   1.20256128e+01   1.64159792e-05
  94375   1.20319719e+01   1.20322580e+01   2.37782224e-05
  95000   1.20385284e+01   1.20388575e+01   2.73300138e-05
  95625   1.20450850e+01   1.20454168e+01   2.75526563e-05
  96250   1.20516415e+01   1.20519304e+01   2.39768051e-05
  96875   1.20581980e+01   1.20584049e+01   1.71622287e-05
  97500   1.20647545e+01   1.20648346e+01   6.63986793e-06
  98125   1.20713110e+01   1.20712252e+01   7.11032908e-06
  98750   1.20778675e+01   1.20775738e+01   2.43201266e-05
  99375   1.20844240e+01   1.20838852e+01   4.45894657e-05
 100000   1.20908508e+01   1.20901518e+01   5.78175604e-05
 103125   1.21206532e+01   1.21209230e+01   2.22666895e-05
 106250   1.21504555e+01   1.21507778e+01   2.65288527e-05
 109375   1.21802578e+01   1.21797647e+01   4.04802267e-05
 112500   1.22080345e+01   1.22079391e+01   7.81188828e-06
 115625   1.22348566e+01   1.22353373e+01   3.92846778e-05
 118750   1.22616787e+01   1.22620049e+01   2.65993167e-05
 121875   1.22885008e+01   1.22879820e+01   4.22191260e-05
 125000   1.23137598e+01   1.23133020e+01   3.71756614e-05
 128125   1.23376017e+01   1.23379908e+01   3.15371653e-05
 131250   1.23614435e+01   1.23620882e+01   5.21514339e-05
 134375   1.23852854e+01   1.23856211e+01   2.71038407e-05
 137500   1.24091272e+01   1.24086123e+01   4.15012910e-05
 140625   1.24321918e+01   1.24310865e+01   8.89109215e-05
 143750   1.24530535e+01   1.24530687e+01   1.22530423e-06
 146875   1.24739151e+01   1.24745693e+01   5.24457173e-05
 150000   1.24947767e+01   1.24956255e+01   6.79276927e-05
 153125   1.25156384e+01   1.25162449e+01   4.84611446e-05
 156250   1.25365000e+01   1.25364437e+01   4.48824721e-06
 159375   1.25573616e+01   1.25562515e+01   8.84043984e-05
 162500   1.25770969e+01   1.25756645e+01   1.13897542e-04
 165625   1.25949783e+01   1.25947132e+01   2.10499966e-05
 168750   1.26128597e+01   1.26134052e+01   4.32487104e-05
 171875   1.26307411e+01   1.26317558e+01   8.03332659e-05
 175000   1.26486225e+01   1.26497717e+01   9.08498405e-05
 178125   1.26665039e+01   1.26674671e+01   7.60410621e-05
 181250   1.26843853e+01   1.26848631e+01   3.76669268e-05
 184375   1.27022667e+01   1.27019577e+01   2.43259128e-05
 187500   1.27201481e+01   1.27187719e+01   1.08192646e-04
 190625   1.27380295e+01   1.27352972e+01   2.14520624e-04
 193750   1.27529545e+01   1.27515535e+01   1.09858818e-04
 196875   1.27678556e+01   1.27675591e+01   2.32299117e-05
 200000   1.27827568e+01   1.27833014e+01   4.25992948e-05
 203125   1.27976580e+01   1.27988052e+01   8.96428683e-05
 206250   1.28125591e+01   1.28140764e+01   1.18415534e-04
 209375   1.28274603e+01   1.28291054e+01   1.28239160e-04
 212500   1.28423615e+01   1.28439236e+01   1.21630554e-04
 215625   1.28572626e+01   1.28585215e+01   9.79048564e-05
 218750   1.28721638e+01   1.28729172e+01   5.85278976e-05
 221875   1.28870649e+01   1.28870974e+01   2.51608003e-06
 225000   1.29019661e+01   1.29010868e+01   6.81537713e-05
 228125   1.29168673e+01   1.29148722e+01   1.54467853e-04
 231250   1.29317684e+01   1.29284906e+01   2.53499282e-04
 234375   1.29453735e+01   1.29419041e+01   2.68044183e-04
 237500   1.29572945e+01   1.29551620e+01   1.64586148e-04
 240625   1.29692154e+01   1.29682150e+01   7.71398190e-05
 243750   1.29811363e+01   1.29811392e+01   2.20398476e-07
 246875   1.29930573e+01   1.29938736e+01   6.28273701e-05
 250000   1.30049782e+01   1.30064411e+01   1.12484166e-04
 253125   1.30168991e+01   1.30188665e+01   1.51132874e-04
 256250   1.30288200e+01   1.30311279e+01   1.77121750e-04
 259375   1.30407410e+01   1.30432625e+01   1.93338026e-04
 262500   1.30526619e+01   1.30552311e+01   1.96813940e-04
 265625   1.30645828e+01   1.30670624e+01   1.89773986e-04
 268750   1.30765038e+01   1.30787592e+01   1.72465458e-04
 271875   1.30884247e+01   1.30903215e+01   1.44915888e-04
 275000   1.31003456e+01   1.31017580e+01   1.07807500e-04
 278125   1.31122665e+01   1.31130638e+01   6.08016526e-05
 281250   1.31241875e+01   1.31242237e+01   2.76128139e-06
 284375   1.31361084e+01   1.31352758e+01   6.33813324e-05
 287500   1.31480293e+01   1.31462040e+01   1.38839008e-04
 290625   1.31599503e+01   1.31570311e+01   2.21848924e-04
 293750   1.31718712e+01   1.31677265e+01   3.14710080e-04
 296875   1.31837921e+01   1.31782932e+01   4.17181407e-04
 300000   1.31953249e+01   1.31887655e+01   4.97221772e-04
 303125   1.32042656e+01   1.31991215e+01   3.89656023e-04
 306250   1.32132063e+01   1.32094011e+01   2.88023090e-04
 309375   1.32221470e+01   1.32195415e+01   1.97070491e-04
 312500   1.32310877e+01   1.32295933e+01   1.12953079e-04
 315625   1.32400284e+01   1.32395411e+01   3.68078181e-05
 318750   1.32489691e+01   1.32494011e+01   3.26068694e-05
 321875   1.32579098e+01   1.32591372e+01   9.25728164e-05
 325000   1.32668505e+01   1.32688074e+01   1.47495099e-04
 328125   1.32757912e+01   1.32784071e+01   1.97025613e-04
 331250   1.32847319e+01   1.32878752e+01   2.36582768e-04
 334375   1.32936726e+01   1.32972422e+01   2.68482894e-04
 337500   1.33026133e+01   1.33065605e+01   2.96683982e-04
 340625   1.33115540e+01   1.33157606e+01   3.15965590e-04
 343750   1.33204947e+01   1.33249140e+01   3.31713934e-04
 346875   1.33294353e+01   1.33339415e+01   3.38000042e-04
 350000   1.33383760e+01   1.33429146e+01   3.40203638e-04
 353125   1.33473167e+01   1.33518200e+01   3.37333011e-04
 356250   1.33562574e+01   1.33606129e+01   3.26043461e-04
 359375   1.33651981e+01   1.33693619e+01   3.11487616e-04
 362500   1.33741388e+01   1.33780136e+01   2.89679767e-04
 365625   1.33830795e+01   1.33866005e+01   2.63056223e-04
 368750   1.33920202e+01   1.33950882e+01   2.29063196e-04
 371875   1.34009609e+01   1.34035540e+01   1.93477885e-04
 375000   1.34099016e+01   1.34119015e+01   1.49121595e-04
 378125   1.34188423e+01   1.34201984e+01   1.01056139e-04
 381250   1.34277830e+01   1.34284458e+01   4.93593980e-05
 384375   1.34367237e+01   1.34366035e+01   8.94291679e-06
 387500   1.34456644e+01   1.34446945e+01   7.21363976e-05
 390625   1.34546051e+01   1.34527407e+01   1.38581730e-04
 393750   1.34635458e+01   1.34606895e+01   2.12169776e-04
 396875   1.34724865e+01   1.34686337e+01   2.86019611e-04
 400000   1.34814272e+01   1.34764490e+01   3.69330286e-04
 403125   1.34903679e+01   1.34842558e+01   4.53173969e-04
 406250   1.34993086e+01   1.34919357e+01   5.46314637e-04
 409375   1.35082493e+01   1.34996262e+01   6.38563593e-04
 412500   1.35171900e+01   1.35072155e+01   7.38183095e-04
 415625   1.35261307e+01   1.35147896e+01   8.38809821e-04
 418750   1.35350714e+01   1.35222731e+01   9.46013723e-04
 421875   1.35416803e+01   1.35297127e+01   8.84155394e-04
 425000   1.35476408e+01   1.35370731e+01   7.80341623e-04
 428125   1.35536013e+01   1.35444164e+01   6.77897362e-04
 431250   1.35595617e+01   1.35516510e+01   5.83576155e-04
 434375   1.35655222e+01   1.35589314e+01   4.85970580e-04
 437500   1.35714827e+01   1.35660486e+01   4.00481251e-04
 440625   1.35774431e+01   1.35731640e+01   3.15214798e-04
 443750   1.35834036e+01   1.35802574e+01   2.31645623e-04
 446875   1.35893641e+01   1.35872555e+01   1.55175585e-04
 450000   1.35953245e+01   1.35942526e+01   7.88485922e-05
 453125   1.36012850e+01   1.36011553e+01   9.53588733e-06
 456250   1.36072454e+01   1.36080256e+01   5.73285179e-05
 459375   1.36132059e+01   1.36148720e+01   1.22378740e-04
 462500   1.36191664e+01   1.36216173e+01   1.79946583e-04
 465625   1.36251268e+01   1.36283922e+01   2.39630041e-04
 468750   1.36310873e+01   1.36350460e+01   2.90375028e-04
 471875   1.36370478e+01   1.36417150e+01   3.42191634e-04
 475000   1.36430082e+01   1.36482716e+01   3.85715044e-04
 478125   1.36489687e+01   1.36548405e+01   4.30106476e-04
 481250   1.36549292e+01   1.36614351e+01   4.76342015e-04
 484375   1.36608896e+01   1.36678143e+01   5.06766024e-04
 487500   1.36668501e+01   1.36742754e+01   5.43160364e-04
 490625   1.36728106e+01   1.36807079e+01   5.77430415e-04
 493750   1.36787710e+01   1.36869841e+01   6.00242405e-04
 496875   1.36847315e+01   1.36933260e+01   6.27839472e-04
 500000   1.36906919e+01   1.36996069e+01   6.50956586e-04
 503125   1.36966524e+01   1.37058382e+01   6.70434732e-04
 506250   1.37026129e+01   1.37120018e+01   6.84957544e-04
 509375   1.37085733e+01   1.37181597e+01   6.99050375e-04
 512500   1.37145338e+01   1.37243481e+01   7.15354399e-04
 515625   1.37204943e+01   1.37303686e+01   7.19419564e-04
 518750   1.37264547e+01   1.37363901e+01   7.23550620e-04
 521875   1.37324152e+01   1.37424269e+01   7.28788378e-04
 525000   1.37383757e+01   1.37484064e+01   7.29859632e-04
 528125   1.37443361e+01   1.37543278e+01   7.26700469e-04
 531250   1.37502966e+01   1.37601957e+01   7.19662814e-04
 534375   1.37562571e+01   1.37660780e+01   7.13670393e-04
 537500   1.37622175e+01   1.37719822e+01   7.09275831e-04
 540625   1.37681780e+01   1.37776890e+01   6.90556888e-04
 543750   1.37741385e+01   1.37834358e+01   6.74759736e-04
 546875   1.37800989e+01   1.37892265e+01   6.62157428e-04
 550000   1.37860594e+01   1.37949524e+01   6.44864864e-04
 553125   1.37920198e+01   1.38005323e+01   6.17014128e-04
 556250   1.37979803e+01   1.38061876e+01   5.94643643e-04
 559375   1.38039408e+01   1.38118296e+01   5.71325305e-04
 562500   1.38099012e+01   1.38174133e+01   5.43816364e-04
 565625   1.38158617e+01   1.38228998e+01   5.09293168e-04
 568750   1.38218222e+01   1.38284483e+01   4.79281327e-04
 571875   1.38277826e+01   1.38338928e+01   4.41780285e-04
 575000   1.38337431e+01   1.38393402e+01   4.04516875e-04
 578125   1.38397036e+01   1.38448410e+01   3.71141621e-04
 581250   1.38456640e+01   1.38501654e+01   3.25055647e-04
 584375   1.38516245e+01   1.38555012e+01   2.79833155e-04
 587500   1.38575850e+01   1.38608255e+01   2.33821876e-04
 590625   1.38635454e+01   1.38662043e+01   1.91768340e-04
 593750   1.38695059e+01   1.38715019e+01   1.43905389e-04
 596875   1.38754663e+01   1.38766680e+01   8.65972761e-05
 600000   1.38814268e+01   1.38818817e+01   3.27700618e-05
 603125   1.38873873e+01   1.38871012e+01   2.06018049e-05
 606250   1.38933477e+01   1.38923092e+01   7.47544909e-05
 609375   1.38993082e+01   1.38974657e+01   1.32569257e-04
 612500   1.39052687e+01   1.39025173e+01   1.97883463e-04
 615625   1.39112291e+01   1.39075937e+01   2.61363079e-04
 618750   1.39171896e+01   1.39126549e+01   3.25889094e-04
 621875   1.39231501e+01   1.39177618e+01   3.87074950e-04
 625000   1.39291105e+01   1.39228077e+01   4.52596025e-04
 628125   1.39350710e+01   1.39277239e+01   5.27377590e-04
 631250   1.39410315e+01   1.39326401e+01   6.02100801e-04
 634375   1.39469919e+01   1.39376087e+01   6.73002389e-04
 637500   1.39529524e+01   1.39425678e+01   7.44532445e-04
 640625   1.39589128e+01   1.39474602e+01   8.20792804e-04
 643750   1.39648733e+01   1.39523029e+01   9.00548184e-04
 646875   1.39708338e+01   1.39571009e+01   9.83453356e-04
 650000   1.39767942e+01   1.39619684e+01   1.06130831e-03
 653125   1.39827547e+01   1.39667711e+01   1.14374619e-03
 656250   1.39887152e+01   1.39714804e+01   1.23280985e-03
 659375   1.39946756e+01   1.39763002e+01   1.31389033e-03
 662500   1.40006361e+01   1.39810133e+01   1.40254793e-03
 665625   1.40065966e+01   1.39857531e+01   1.48922880e-03
 668750   1.40125570e+01   1.39904070e+01   1.58197817e-03
 671875   1.40185175e+01   1.39949951e+01   1.67935935e-03
 675000   1.40244780e+01   1.39996367e+01   1.77285238e-03
 678125   1.40304384e+01   1.40043430e+01   1.86164398e-03
 681250   1.40363989e+01   1.40090523e+01   1.95016374e-03
 684375   1.40423594e+01   1.40135126e+01   2.05637817e-03
 687500   1.40483198e+01   1.40179958e+01   2.16088095e-03
 690625   1.40542803e+01   1.40225286e+01   2.26176926e-03
 693750   1.40602407e+01   1.40270500e+01   2.36339821e-03
 696875   1.40662012e+01   1.40316086e+01   2.46230070e-03
 700000   1.40712557e+01   1.40361919e+01   2.49497895e-03
 703125   1.40742359e+01   1.40405636e+01   2.39534583e-03
 706250   1.40772161e+01   1.40449009e+01   2.29820912e-03
 709375   1.40801964e+01   1.40493164e+01   2.19555711e-03
 712500   1.40831766e+01   1.40537882e+01   2.08895514e-03
 715625   1.40861568e+01   1.40581141e+01   1.99278886e-03
 718750   1.40891371e+01   1.40625134e+01   1.89145049e-03
 721875   1.40921173e+01   1.40668783e+01   1.79260585e-03
 725000   1.40950975e+01   1.40712051e+01   1.69652386e-03
 728125   1.40980778e+01   1.40754709e+01   1.60482794e-03
 731250   1.41010580e+01   1.40797005e+01   1.51575310e-03
 734375   1.41040382e+01   1.40839767e+01   1.42340583e-03
 737500   1.41070185e+01   1.40882816e+01   1.32907531e-03
 740625   1.41099987e+01   1.40924387e+01   1.24528282e-03
 743750   1.41129789e+01   1.40966768e+01   1.15578214e-03
 746875   1.41159592e+01   1.41009970e+01   1.06051099e-03
 750000   1.41189394e+01   1.41051178e+01   9.79419914e-04
 753125   1.41219196e+01   1.41091537e+01   9.04385350e-04
 756250   1.41248999e+01   1.41133480e+01   8.18170956e-04
 759375   1.41278801e+01   1.41174612e+01   7.37742346e-04
 762500   1.41308603e+01   1.41215811e+01   6.56881370e-04
 765625   1.41338406e+01   1.41256733e+01   5.78018895e-04
 768750   1.41368208e+01   1.41297302e+01   5.01693226e-04
 771875   1.41398010e+01   1.41338501e+01   4.20952187e-04
 775000   1.41427813e+01   1.41379061e+01   3.44771193e-04
 778125   1.41457615e+01   1.41419134e+01   2.72067322e-04
 781250   1.41487417e+01   1.41458845e+01   2.01961200e-04
 784375   1.41517220e+01   1.41498594e+01   1.31619920e-04
 787500   1.41547022e+01   1.41538115e+01   6.29303104e-05
 790625   1.41576824e+01   1.41577559e+01   5.18677643e-06
 793750   1.41606627e+01   1.41616764e+01   7.15870119e-05
 796875   1.41636429e+01   1.41656981e+01   1.45091137e-04
 800000   1.41666231e+01   1.41697330e+01   2.19501191e-04
 803125   1.41696033e+01   1.41736469e+01   2.85329239e-04
 806250   1.41725836e+01   1.41774254e+01   3.41573410e-04
 809375   1.41755638e+01   1.41811705e+01   3.95437033e-04
 812500   1.41785440e+01   1.41850080e+01   4.55796544e-04
 815625   1.41815243e+01   1.41888428e+01   5.15925407e-04
 818750   1.41845045e+01   1.41926899e+01   5.76898921e-04
 821875   1.41874847e+01   1.41965780e+01   6.40731712e-04
 825000   1.41904650e+01   1.42005033e+01   7.07152765e-04
 828125   1.41934452e+01   1.42043190e+01   7.65820441e-04
 831250   1.41964254e+01   1.42079668e+01   8.12646642e-04
 834375   1.41994057e+01   1.42116337e+01   8.60792992e-04
 837500   1.42023859e+01   1.42153378e+01   9.11533309e-04
 840625   1.42053661e+01   1.42190361e+01   9.61847312e-04
 843750   1.42083464e+01   1.42227402e+01   1.01254007e-03
 846875   1.42113266e+01   1.42265272e+01   1.06904097e-03
 850000   1.42143068e+01   1.42303152e+01   1.12558203e-03
 853125   1.42172871e+01   1.42339592e+01   1.17197924e-03
 856250   1.42202673e+01   1.42375603e+01   1.21534057e-03
 859375   1.42232475e+01   1.42412453e+01   1.26457494e-03
 862500   1.42262278e+01   1.42448416e+01   1.30756001e-03
 865625   1.42292080e+01   1.42483883e+01   1.34704472e-03
 868750   1.42321882e+01   1.42520027e+01   1.39126240e-03
 871875   1.42351685e+01   1.42556429e+01   1.43726578e-03
 875000   1.42381487e+01   1.42592278e+01   1.47936866e-03
 878125   1.42411289e+01   1.42628126e+01   1.52145221e-03
 881250   1.42441092e+01   1.42662783e+01   1.55516039e-03
 884375   1.42470894e+01   1.42697773e+01   1.59119244e-03
 887500   1.42500696e+01   1.42733631e+01   1.63328834e-03
 890625   1.42530499e+01   1.42769432e+01   1.67496409e-03
 893750   1.42560301e+01   1.42805004e+01   1.71501783e-03
 896875   1.42590103e+01   1.42839985e+01   1.75091380e-03
 900000   1.42619905e+01   1.42874250e+01   1.78178737e-03
 903125   1.42649708e+01   1.42908230e+01   1.81064510e-03
 906250   1.42679510e+01   1.42943478e+01   1.84836320e-03
 909375   1.42709312e+01   1.42977428e+01   1.87699299e-03
 912500   1.42739115e+01   1.43010969e+01   1.90274243e-03
 915625   1.42768917e+01   1.43044643e+01   1.92941388e-03
 918750   1.42798719e+01   1.43078861e+01   1.95987266e-03
 921875   1.42828522e+01   1.43113556e+01   1.99364987e-03
 925000   1.42858324e+01   1.43148842e+01   2.03154213e-03
 928125   1.42888126e+01   1.43182764e+01   2.05989275e-03
 931250   1.42917929e+01   1.43216286e+01   2.08543404e-03
 934375   1.42947731e+01   1.43249588e+01   2.10943283e-03
 937500   1.42977533e+01   1.43282700e+01   2.13208958e-03
 940625   1.43007336e+01   1.43314838e+01   2.14794930e-03
 943750   1.43037138e+01   1.43347855e+01   2.16992246e-03
 946875   1.43066940e+01   1.43380861e+01   2.19181972e-03
 950000   1.43096743e+01   1.43414021e+01   2.21477123e-03
 953125   1.43126545e+01   1.43446999e+01   2.23644963e-03
 956250   1.43156347e+01   1.43479624e+01   2.25565908e-03
 959375   1.43186150e+01   1.43511581e+01   2.27020867e-03
 962500   1.43215952e+01   1.43544388e+01   2.29066471e-03
 965625   1.43245754e+01   1.43578424e+01   2.31968029e-03
 968750   1.43275557e+01   1.43612432e+01   2.34848401e-03
 971875   1.43305359e+01   1.43644047e+01   2.36061052e-03
 975000   1.43335161e+01   1.43674822e+01   2.36689090e-03
 978125   1.43364964e+01   1.43705807e+01   2.37462833e-03
 981250   1.43394766e+01   1.43737679e+01   2.38853320e-03
 984375   1.43424568e+01   1.43769617e+01   2.40289606e-03
 987500   1.43454370e+01   1.43801117e+01   2.41420232e-03
 990625   1.43484173e+01   1.43832579e+01   2.42523849e-03
 993750   1.43513975e+01   1.43863630e+01   2.43341969e-03
 996875   1.43543777e+01   1.43894606e+01   2.44106702e-03
